0001011000001000
0001011000001000
0010011001100001
0010011001100001
0100100101111101
0100100101111101
0111101000011111
0111101000011111
1010111110100111
1010111110100111
1100101010011111
1100101010011111
1100000101101100
1100000101101100
1110011101010011
1110011101010011
0110110001101000
0110110001101000
0011000010010001
0011000010010001
0111100000010000
0111100000010000
1110101110011100
1110101110011100
0100110010110001
0100110010110001
0100101100000111
0100101100000111
0001111111000000
0001111111000000
1001001101100101
1001001101100101
0101101010010000
0101101010010000
0010100010001010
0010100010001010
0010100101111101
0010100101111101
1111011000111100
1111011000111100
1110100000001110
1110100000001110
0100011000111011
0100011000111011
0100110010111100
0100110010111100
0010101011011010
0010101011011010
1010110111010101
1010110111010101
1110110001001111
1110110001001111
1111001100100111
1111001100100111
0001001110001111
0001001110001111
1111111001011001
1111111001011001
1100100001100000
1100100001100000
0010001101110100
0010001101110100
0101110101101001
0101110101101001
0101101000101111
0101101000101111
0110010111100000
0110010111100000
0001100101111001
0001100101111001
0100010100111111
0100010100111111
1100001101101100
1100001101101100
0001100011111010
0001100011111010
0010011100011001
0010011100011001
0110010110010000
0110010110010000
1001001101000010
1001001101000010
0101000001000011
0101000001000011
0101001110101010
0101001110101010
0000100101000100
0000100101000100
0011110101111011
0011110101111011
1111110110011011
1111110110011011
1111100111100101
1111100111100101
0001000110001111
0001000110001111
0110001101110011
0110001101110011
1001111110100011
1001111110100011
0010000100001000
0010000100001000
1100111010010111
1100111010010111
0000111111001100
0000111111001100
1100010100011001
1100010100011001
0110011010101001
0110011010101001
0110010001111110
0110010001111110
1010010000000110
1010010000000110
1110101010110101
1110101010110101
0010100101000110
0010100101000110
0111100110101110
0111100110101110
1111111110001110
1111111110001110
0000110110001000
0000110110001000
1101001001110100
1101001001110100
1100001110000101
1100001110000101
0000100000000111
0000100000000111
1111110100110111
1111110100110111
1100011000001111
1100011000001111
1010100100010000
1010100100010000
1101110111011010
1101110111011010
1110101010001100
1110101010001100
0000000100111000
0000000100111000
0000110001000101
0000110001000101
0010011010100101
0010011010100101
1010001111001000
1010001111001000
1100111000011010
1100111000011010
0101100001010011
0101100001010011
1111011000100110
1111011000100110
1000011010100011
1000011010100011
1100101101001001
1100101101001001
1011101100010000
1011101100010000
0100100111010111
0100100111010111
1001100110011100
1001100110011100
1001000001100111
1001000001100111
0101000010101000
0101000010101000
1111101101000110
1111101101000110
0111100000010111
0111100000010111
0101010110000011
0101010110000011
1101110001000111
1101110001000111
0011111010101111
0011111010101111
0111111011001110
0111111011001110
1111011001101011
1111011001101011
0111001110010000
0111001110010000
1110000101000110
1110000101000110
1110100011110100
1110100011110100
0101011001111010
0101011001111010
0111111010110101
0111111010110101
0001010110001011
0001010110001011
1101001010001111
1101001010001111
0110000001001010
0110000001001010
1010001001101001
1010001001101001
1111000000001111
1111000000001111
0100111101100001
0100111101100001
1111111010001011
1111111010001011
0010101001000011
0010101001000011
0011100010001110
0011100010001110
0010111100101000
0010111100101000
0100100111000000
0100100111000000
1001010110110101
1001010110110101
1100100010011010
1100100010011010
0101011011100111
0101011011100111
0000000110110101
0000000110110101
0010100100010011
0010100100010011
0111011100010011
0111011100010011
1110001101100001
1110001101100001
1111001000111110
1111001000111110
1110101110000000
1110101110000000
0101001000000000
0101001000000000
0010001100110010
0010001100110010
0110000011111110
0110000011111110
1110001110111000
1110001110111000
0101010011011010
0101010011011010
1010011010001100
1010011010001100
0101010010100000
0101010010100000
0110100110010010
0110100110010010
1111001100000111
1111001100000111
1010110110110110
1010110110110110
0001011100110111
0001011100110111
1111000011100000
1111000011100000
1100101010110001
1100101010110001
0000111011111111
0000111011111111
1000010100101110
1000010100101110
0011111101111000
0011111101111000
1011111000010100
1011111000010100
1100000110101000
1100000110101000
0000110010110011
0000110010110011
1010110101001110
1010110101001110
0000011011001011
0000011011001011
0100001011010101
0100001011010101
1000011000001101
1000011000001101
0110011000011000
0110011000011000
1001100111100010
1001100111100010
0111001010001111
0111001010001111
0111111111010111
0111111111010111
1101011000011011
1101011000011011
1011011101101011
1011011101101011
1100101000110100
1100101000110100
0101001000110010
0101001000110010
0000001010011000
0000001010011000
0011111010101000
0011111010101000
0010101100000001
0010101100000001
0110000110111110
0110000110111110
1011111010001001
1011111010001001
1110000101011111
1110000101011111
0010111000011110
0010111000011110
1110000101000011
1110000101000011
0111100010001110
0111100010001110
0000001110000011
0000001110000011
1101100101110111
1101100101110111
0010111011011010
0010111011011010
1001111110111100
1001111110111100
1000000000011101
1000000000011101
1001101101000010
1001101101000010
0010111101000110
0010111101000110
0001100111101010
0001100111101010
0001000101101000
0001000101101000
1111100110111111
1111100110111111
1001101010001100
1001101010001100
0001011101111000
0001011101111000
1000011000101010
1000011000101010
0100100110110010
0100100110110010
1101111110101110
1101111110101110
0010101110100001
0010101110100001
1101100101001110
1101100101001110
1011111100011111
1011111100011111
1011111110010110
1011111110010110
1001110010011010
1001110010011010
1100001100100100
1100001100100100
1100111101001000
1100111101001000
0100101011110011
0100101011110011
1001001101101011
1001001101101011
1111110011110011
1111110011110011
0110101101100011
0110101101100011
1010100111100100
1010100111100100
1000100100011111
1000100100011111
0000000100011001
0000000100011001
1000010110011011
1000010110011011
1111100010101100
1111100010101100
1111111100011000
1111111100011000
0010010111111110
0010010111111110
0110010001100100
0110010001100100
1010010101111000
1010010101111000
0110100101000001
0110100101000001
1101010000001001
1101010000001001
0100010100101111
0100010100101111
0000100011100101
0000100011100101
0110101110110110
0110101110110110
1000111110100110
1000111110100110
1100111110011100
1100111110011100
1111001010000110
1111001010000110
1011011100101001
1011011100101001
0010100111110101
0010100111110101
1100100011110111
1100100011110111
1100000111101111
1100000111101111
0110111101101101
0110111101101101
1101111010010001
1101111010010001
0110000110100110
0110000110100110
1010010110000001
1010010110000001
1100100010000100
1100100010000100
0010010110011101
0010010110011101
1111011001010010
1111011001010010
0100000001010101
0100000001010101
1000100001111101
1000100001111101
1111001001110011
1111001001110011
0110111001101111
0110111001101111
1011011111010110
1011011111010110
1111111001010011
1111111001010011
1101101110010110
1101101110010110
0111111001100011
0111111001100011
0110010011111011
0110010011111011
0010111110001011
0010111110001011
0010010111100010
0010010111100010
1100010100000101
1100010100000101
0100010110001011
0100010110001011
1001111010101111
1001111010101111
0011011001111010
0011011001111010
1100100110100101
1100100110100101
1001101011011100
1001101011011100
1001001111100100
1001001111100100
1101100000111101
1101100000111101
0001010000100101
0001010000100101
0100001111111001
0100001111111001
0101110000001110
0101110000001110
1011111111001001
1011111111001001
0001111111111010
0001111111111010
0110010011011000
0110010011011000
1101001011111000
1101001011111000
1101010101101111
1101010101101111
0100011111100110
0100011111100110
0101010001000000
0101010001000000
0100110001110011
0100110001110011
0010111110101010
0010111110101010
1000101101010111
1000101101010111
0110100100001001
0110100100001001
0111001001110001
0111001001110001
1100100110101110
1100100110101110
0000001110000111
0000001110000111
0100001000110110
0100001000110110
0101000010111010
0101000010111010
1111010101001110
1111010101001110
1010100110000001
1010100110000001
1010011000111110
1010011000111110
1011101100111101
1011101100111101
0111100100101110
0111100100101110
0001001011000001
0001001011000001
1010011101001000
1010011101001000
0110000000000111
0110000000000111
1101001111111101
1101001111111101
1101010001000001
1101010001000001
0010010110010000
0010010110010000
0011001100101111
0011001100101111
1101001100111011
1101001100111011
1000010110100101
1000010110100101
1001100111110100
1001100111110100
0000111101001010
0000111101001010
1011100000000100
1011100000000100
0100011101011010
0100011101011010
1101101010101010
1101101010101010
1101100101110011
1101100101110011
1000000010101001
1000000010101001
0101100100010001
0101100100010001
0001111101000010
0001111101000010
1001110110101100
1001110110101100
1100101101100101
1100101101100101
0010110010111110
0010110010111110
0101001001011111
0101001001011111
1000110011111100
1000110011111100
1011010011000001
1011010011000001
0100000111110001
0100000111110001
1011010001001100
1011010001001100
0011100011011001
0011100011011001
0110111101011100
0110111101011100
0011010101101000
0011010101101000
0111110101100001
0111110101100001
1000001101001101
1000001101001101
0110001110101101
0110001110101101
1000011111100000
1000011111100000
1100000111101011
1100000111101011
1100011100101000
1100011100101000
1100010010001001
1100010010001001
1111101010010111
1111101010010111
0100010010100111
0100010010100111
1100100000110001
1100100000110001
0001000001110010
0001000001110010
1010100110000000
1010100110000000
0001111001001000
0001111001001000
0110100011101011
0110100011101011
1110011000000000
1110011000000000
1010111010011110
1010111010011110
0001100000010011
0001100000010011
1001110110011010
1001110110011010
0100001110101110
0100001110101110
0000100101010111
0000100101010111
0010110000100001
0010110000100001
1010001111001011
1010001111001011
1001010001000000
1001010001000000
0000001010100001
0000001010100001
1010111100111100
1010111100111100
1100101100010010
1100101100010010
1111101001001100
1111101001001100
1110010011010000
1110010011010000
1011001101000100
1011001101000100
1101011100100110
1101011100100110
1010010000110010
1010010000110010
0111010100000101
0111010100000101
0110010011001000
0110010011001000
0011011010110011
0011011010110011
0111010010011000
0111010010011000
0110101110110110
0110101110110110
0100111011110111
0100111011110111
1011110000000000
1011110000000000
1110011100011110
1110011100011110
0010000101111111
0010000101111111
0010001100110010
0010001100110010
0001001001000100
0001001001000100
1110000100000111
1110000100000111
1000011010100000
1000011010100000
0010100111011101
0010100111011101
0111111000110011
0111111000110011
0000011101010101
0000011101010101
1110000001110001
1110000001110001
1010100101001101
1010100101001101
0100100100110100
0100100100110100
0001011110111111
0001011110111111
0011100011101110
0011100011101110
1010010110110110
1010010110110110
0000111001001100
0000111001001100
0010101100100110
0010101100100110
1001010010010010
1001010010010010
1111000010111101
1111000010111101
1010010111000101
1010010111000101
0000100010001000
0000100010001000
1111101000110100
1111101000110100
1111111111011001
1111111111011001
1010011000100001
1010011000100001
1111110110001100
1111110110001100
0011010001011000
0011010001011000
0000110010110010
0000110010110010
1100110100001111
1100110100001111
0100111111100010
0100111111100010
1000011111111111
1000011111111111
0101010011111010
0101010011111010
1000010011001011
1000010011001011
1011010000000100
1011010000000100
1010111110011011
1010111110011011
1000000110011101
1000000110011101
1001010100100001
1001010100100001
1110001011110101
1110001011110101
0001101001000101
0001101001000101
0011010010011110
0011010010011110
1110010011111110
1110010011111110
0000101000000010
0000101000000010
0111000110010111
0111000110010111
1110011111010110
1110011111010110
1010111100001011
1010111100001011
0011001100101011
0011001100101011
0101111001000010
0101111001000010
0101111101011011
0101111101011011
0100000110001101
0100000110001101
1100010110100001
1100010110100001
0011011100101110
0011011100101110
0111000100101000
0111000100101000
1000111011101110
1000111011101110
0100100000101001
0100100000101001
0111111111001011
0111111111001011
1111001111101010
1111001111101010
1111101000101000
1111101000101000
1111010011110001
1111010011110001
0011011000110111
0011011000110111
1011010101011111
1011010101011111
0000010011010110
0000010011010110
0011011111000101
0011011111000101
1101001011001000
1101001011001000
1110101111010011
1110101111010011
0101110100111010
0101110100111010
0011100110010100
0011100110010100
1010011000001110
1010011000001110
0011011100100110
0011011100100110
1111100001001101
1111100001001101
1011111100111010
1011111100111010
0001111011000010
0001111011000010
1101111111100001
1101111111100001
0011110001010001
0011110001010001
0000001110001011
0000001110001011
0010111010001110
0010111010001110
0110010011010000
0110010011010000
1110100011000100
1110100011000100
1000111111010010
1000111111010010
0011011011111000
0011011011111000
1010011010111010
1010011010111010
0111111111000011
0111111111000011
1001010011111001
1001010011111001
1101000110110001
1101000110110001
0010011101011110
0010011101011110
0000110010010001
0000110010010001
1000101000010001
1000101000010001
0101100101100010
0101100101100010
1110011101100010
1110011101100010
0101010101100011
0101010101100011
0010101000011111
0010101000011111
1111110000111111
1111110000111111
0000110010010011
0000110010010011
1000010110010111
1000010110010111
0100011011110001
0100011011110001
1011100110001111
1011100110001111
1100000100001011
1100000100001011
1000101101000110
1000101101000110
1100010110100010
1100010110100010
0101100100000000
0101100100000000
1001100011100101
1001100011100101
0101000100110111
0101000100110111
1101100111101000
1101100111101000
1101111110010000
1101111110010000
0001000001111000
0001000001111000
0111101001001101
0111101001001101
1111111111000101
1111111111000101
1100010010010111
1100010010010111
1011001101011010
1011001101011010
0100001111111101
0100001111111101
0000111101100111
0000111101100111
1100010011000011
1100010011000011
0000100011100110
0000100011100110
0000010001001111
0000010001001111
0111100111001100
0111100111001100
0011010001011010
0011010001011010
1111110010111000
1111110010111000
1101101000110110
1101101000110110
1111000101110000
1111000101110000
0000100110110000
0000100110110000
0110110010111101
0110110010111101
0100001011100011
0100001011100011
0001001011100101
0001001011100101
0110000000100011
0110000000100011
0101111011000110
0101111011000110
1101110001000001
1101110001000001
0010101111110010
0010101111110010
0001011010101100
0001011010101100
0011101011111111
0011101011111111
1100001010100111
1100001010100111
0101001001010110
0101001001010110
1010011100100101
1010011100100101
0001100001100110
0001100001100110
0110000101011111
0110000101011111
1111010100101101
1111010100101101
0010110010000010
0010110010000010
0100110101000110
0100110101000110
0010101000011111
0010101000011111
1010111111011011
1010111111011011
1000011011111010
1000011011111010
1011100000100010
1011100000100010
0101110011110111
0101110011110111
1001111011011100
1001111011011100
0001010101111111
0001010101111111
0010011011101100
0010011011101100
0100110111001001
0100110111001001
1011000011011000
1011000011011000
1111000101000110
1111000101000110
1010110110011000
1010110110011000
0001100111100011
0001100111100011
0101100111000000
0101100111000000
0100100100111001
0100100100111001
1100111110111001
1100111110111001
1000111111010100
1000111111010100
0011111111011110
0011111111011110
0101111110101001
0101111110101001
0100100000111110
0100100000111110
0011110011111011
0011110011111011
0100110100100101
0100110100100101
0001000101101000
0001000101101000
0011001000001101
0011001000001101
0101101110011100
0101101110011100
1100111101111100
1100111101111100
0101010000101101
0101010000101101
0001101000101011
0001101000101011
0010010001111010
0010010001111010
1100111001001111
1100111001001111
1111000111110011
1111000111110011
0100011000111010
0100011000111010
1110001110000100
1110001110000100
0011010001100111
0011010001100111
0001000000101101
0001000000101101
0100100000100001
0100100000100001
0011101010000111
0011101010000111
1111100101001100
1111100101001100
0001111000101101
0001111000101101
0011101100100000
0011101100100000
0100010101001001
0100010101001001
0101111011100000
0101111011100000
1000011111110110
1000011111110110
0010100000000100
0010100000000100
1111011011101011
1111011011101011
0011001101111111
0011001101111111
1110001011100001
1110001011100001
1101010011000000
1101010011000000
1101010001101111
1101010001101111
1101110111011110
1101110111011110
0000111011110111
0000111011110111
0011010010010101
0011010010010101
0101000110010100
0101000110010100
0000010101010110
0000010101010110
0110101011001011
0110101011001011
1100101001010110
1100101001010110
1011101000110010
1011101000110010
1010011001000000
1010011001000000
0001010001111001
0001010001111001
0001010100010101
0001010100010101
1111001001100010
1111001001100010
0111010000001101
0111010000001101
1010111001111011
1010111001111011
0001111101100110
0001111101100110
0001111100000001
0001111100000001
0010110000000001
0010110000000001
0101001000111110
0101001000111110
1101101011010011
1101101011010011
0101010011100110
0101010011100110
0101000111010101
0101000111010101
1111100111101010
1111100111101010
1011100011101110
1011100011101110
1111000010110100
1111000010110100
0101001100000111
0101001100000111
0111000110111100
0111000110111100
0110100000000010
0110100000000010
1001010011010110
1001010011010110
1011111111111010
1011111111111010
1111111100111111
1111111100111111
1110110101000001
1110110101000001
0100110000001001
0100110000001001
1101000100111101
1101000100111101
0000111111000010
0000111111000010
0110000101000000
0110000101000000
0001000001100111
0001000001100111
0011111100010010
0011111100010010
0111111000001100
0111111000001100
1010110000100001
1010110000100001
0100111001110011
0100111001110011
1001011111001000
1001011111001000
1000011011100001
1000011011100001
1111101111101110
1111101111101110
1010001000001001
1010001000001001
1100110010101010
1100110010101010
1111010010101000
1111010010101000
0100111101011001
0100111101011001
1011111111100000
1011111111100000
1110010010010000
1110010010010000
0000010100110011
0000010100110011
1110111000101101
1110111000101101
0110010111111011
0110010111111011
0000101001100001
0000101001100001
0110111101111101
0110111101111101
1101100110101001
1101100110101001
1101011101101001
1101011101101001
0100101010101010
0100101010101010
1110011001110000
1110011001110000
0101111100110110
0101111100110110
1011111011000110
1011111011000110
1011101111010011
1011101111010011
1100010011111000
1100010011111000
0101001001011100
0101001001011100
1010010111100000
1010010111100000
0101000000100010
0101000000100010
0000100110000010
0000100110000010
1001100010000110
1001100010000110
1111101011011110
1111101011011110
0111111111011111
0111111111011111
1111111010110101
1111111010110101
0110100100001100
0110100100001100
0011011111111001
0011011111111001
0010101000011111
0010101000011111
1011011000001001
1011011000001001
0111010101101110
0111010101101110
1111101111111000
1111101111111000
1000111110010101
1000111110010101
1000110011101010
1000110011101010
0100000100100000
0100000100100000
0111000001001100
0111000001001100
1111100011011000
1111100011011000
1010111011110111
1010111011110111
0001110101011001
0001110101011001
0011111101000010
0011111101000010
0001100010110010
0001100010110010
1010100111001110
1010100111001110
0001100111011001
0001100111011001
1011100011110011
1011100011110011
1011100111011110
1011100111011110
1110110111110111
1110110111110111
1010101011100001
1010101011100001
0010111101100010
0010111101100010
0010010000010011
0010010000010011
1000011111100011
1000011111100011
1111010010111111
1111010010111111
1101001101111000
1101001101111000
1111101011100111
1111101011100111
0010011110110000
0010011110110000
0111110101011110
0111110101011110
1100110110110101
1100110110110101
1100110100001010
1100110100001010
1101001110000010
1101001110000010
1010001101111111
1010001101111111
1001000111100111
1001000111100111
1101000100110110
1101000100110110
0110000000111010
0110000000111010
1010111001010000
1010111001010000
1111010010101110
1111010010101110
1110101111101010
1110101111101010
0110001101001010
0110001101001010
1101110110010011
1101110110010011
1101101010100001
1101101010100001
1100100000100100
1100100000100100
1000101111111101
1000101111111101
1111011011011001
1111011011011001
0010111100110111
0010111100110111
1001100011111000
1001100011111000
0111111110100001
0111111110100001
0000000110011011
0000000110011011
1110111000000100
1110111000000100
0000110001100101
0000110001100101
1000100101010001
1000100101010001
1110000001001110
1110000001001110
1010101100000111
1010101100000111
1010000101111010
1010000101111010
0101111100101010
0101111100101010
0010000010110011
0010000010110011
0010111100001111
0010111100001111
0001111010101000
0001111010101000
0110001111010001
0110001111010001
0011010000101101
0011010000101101
1111010010110000
1111010010110000
1111011101011100
1111011101011100
0000101101100110
0000101101100110
1010010000111011
1010010000111011
1111000101111111
1111000101111111
1011110001110010
1011110001110010
1110100011100100
1110100011100100
0011000011100000
0011000011100000
0001111010111011
0001111010111011
1111010111101100
1111010111101100
1000101011000110
1000101011000110
0001000001111000
0001000001111000
0011011010001110
0011011010001110
1001101010101111
1001101010101111
0000111100101010
0000111100101010
0110111110101110
0110111110101110
0011000001100000
0011000001100000
1010010100001010
1010010100001010
0001000010110110
0001000010110110
0000101010001110
0000101010001110
1010000110011001
1010000110011001
1001010000101110
1001010000101110
0110110100011101
0110110100011101
0000010000110010
0000010000110010
1110011000101000
1110011000101000
0101011101000111
0101011101000111
0100110100110100
0100110100110100
0101011100011000
0101011100011000
1110011010111001
1110011010111001
1101010100010000
1101010100010000
1100010110110111
1100010110110111
0000110111000010
0000110111000010
0010111010001110
0010111010001110
0011001010001101
0011001010001101
1010100000100011
1010100000100011
1011000100101110
1011000100101110
1011111011000011
1011111011000011
0111000000101100
0111000000101100
0111001111110110
0111001111110110
1111101011001010
1111101011001010
1110001011111001
1110001011111001
0101001011010011
0101001011010011
1011100011010000
1011100011010000
1111110110000111
1111110110000111
0011111100100010
0011111100100010
0000011010101111
0000011010101111
1000100011000111
1000100011000111
0111011010001101
0111011010001101
1111100110001010
1111100110001010
1001000010100010
1001000010100010
1011010101101001
1011010101101001
1000010001011011
1000010001011011
1110100100111011
1110100100111011
0101101001010001
0101101001010001
1100100010111100
1100100010111100
1000000100111011
1000000100111011
1110010101100101
1110010101100101
0010111000101100
0010111000101100
0011111110100011
0011111110100011
0110011100101111
0110011100101111
1010011101101001
1010011101101001
0000010000011110
0000010000011110
0011110001000100
0011110001000100
1000000101111010
1000000101111010
0110101111010110
0110101111010110
1001110100101110
1001110100101110
0000001100111101
0000001100111101
1001100111010001
1001100111010001
0110010011010000
0110010011010000
1010111101111000
1010111101111000
0001100110101111
0001100110101111
0110100010000100
0110100010000100
0100010111110101
0100010111110101
1111001011110101
1111001011110101
0011001101100010
0011001101100010
1111101101000111
1111101101000111
1010010000111010
1010010000111010
0011010111101010
0011010111101010
0101000000001110
0101000000001110
1000110011010010
1000110011010010
0010100110101111
0010100110101111
1100101100010001
1100101100010001
1110011000100000
1110011000100000
0110111011000101
0110111011000101
0000001100111000
0000001100111000
0101100001011100
0101100001011100
1011110101100100
1011110101100100
1111111011011110
1111111011011110
1000001011001100
1000001011001100
1111000110100101
1111000110100101
0000010001101000
0000010001101000
1101101011100110
1101101011100110
0010100110001011
0010100110001011
1011011000100000
1011011000100000
1101011001011001
1101011001011001
1001011110100001
1001011110100001
1101001100100011
1101001100100011
1000000111101011
1000000111101011
0101110010101010
0101110010101010
1100111111111111
1100111111111111
0111010101011010
0111010101011010
0100010011100000
0100010011100000
0001001100110110
0001001100110110
1010001100010110
1010001100010110
0000000001010010
0000000001010010
0001011010110100
0001011010110100
0001101101101010
0001101101101010
1111100001111011
1111100001111011
1001000100111010
1001000100111010
0101110110111110
0101110110111110
1111000100001011
1111000100001011
0010001100100100
0010001100100100
1111101011100110
1111101011100110
1001010010111110
1001010010111110
0001101001010100
0001101001010100
1110001001000101
1110001001000101
0100111111110000
0100111111110000
1011001101101001
1011001101101001
1000100011100011
1000100011100011
0111110010110100
0111110010110100
0101011010111101
0101011010111101
0110011100001010
0110011100001010
0001100010000101
0001100010000101
0010010011111100
0010010011111100
1101100111101110
1101100111101110
1010111010011010
1010111010011010
1101100001100000
1101100001100000
0010010001010010
0010010001010010
1000111100100001
1000111100100001
1111110010001001
1111110010001001
0100110101011010
0100110101011010
0000010111100111
0000010111100111
0001000001010000
0001000001010000
0101011011111111
0101011011111111
0000101110110111
0000101110110111
1011101010111100
1011101010111100
1010001010011011
1010001010011011
1010100110011011
1010100110011011
1000110010111111
1000110010111111
0110111101101010
0110111101101010
1110111100110111
1110111100110111
1100011111101111
1100011111101111
0101000001000000
0101000001000000
1010010000011111
1010010000011111
1111011000010101
1111011000010101
1110000111001111
1110000111001111
0010101011101100
0010101011101100
0101001100010001
0101001100010001
0001011000111101
0001011000111101
1111000101110000
1111000101110000
1011111011010011
1011111011010011
1010001111101100
1010001111101100
1100001100001001
1100001100001001
1100000110110100
1100000110110100
1101010101000100
1101010101000100
1000000010110000
1000000010110000
1011011100010010
1011011100010010
0010010111001011
0010010111001011
1000101000010010
1000101000010010
1111011001110101
1111011001110101
1001100101110110
1001100101110110
0100011000100110
0100011000100110
0000110110101101
0000110110101101
1110010111100111
1110010111100111
0011100100001100
0011100100001100
1000100001000010
1000100001000010
1001100010001110
1001100010001110
0110000001111010
0110000001111010
0010000000011000
0010000000011000
1110010100111001
1110010100111001
0010111111111001
0010111111111001
0101010011110101
0101010011110101
1101110010111010
1101110010111010
1110100110001110
1110100110001110
0110101010100101
0110101010100101
1110001001101001
1110001001101001
0011101001111101
0011101001111101
0001001011111001
0001001011111001
1001001010110111
1001001010110111
0100011001010111
0100011001010111
1011101101101111
1011101101101111
0011100111011010
0011100111011010
1010010000010111
1010010000010111
1010111000000011
1010111000000011
1100001011101101
1100001011101101
1111111100001101
1111111100001101
0001001010100111
0001001010100111
0010010001000101
0010010001000101
1011010110101111
1011010110101111
1101011000011101
1101011000011101
1000101001000101
1000101001000101
1011101110101100
1011101110101100
0001111110111110
0001111110111110
0101111101010101
0101111101010101
1111111010000100
1111111010000100
1001100010101000
1001100010101000
1011011010110011
1011011010110011
0000101010011111
0000101010011111
0010101101110110
0010101101110110
1011100010100101
1011100010100101
0111001101011011
0111001101011011
0001110101100010
0001110101100010
0110010011010000
0110010011010000
1011101011010001
1011101011010001
1000101111101010
1000101111101010
1110101011010111
1110101011010111
0101111101000111
0101111101000111
1011011010110010
1011011010110010
1110100010110101
1110100010110101
0101111101101111
0101111101101111
1100001000101101
1100001000101101
0111010100110111
0111010100110111
0110001100001011
0110001100001011
1100101011001001
1100101011001001
1000110000101101
1000110000101101
1000111101000110
1000111101000110
0010010101000000
0010010101000000
0101000111110010
0101000111110010
0001110001001101
0001110001001101
1011001011011111
1011001011011111
1111101111111111
1111101111111111
1001101101011011
1001101101011011
0000100011101000
0000100011101000
0010111000001101
0010111000001101
1110010001011100
1110010001011100
1101100000001101
1101100000001101
0000011001110111
0000011001110111
0011101110111010
0011101110111010
1001010100101101
1001010100101101
1100111011101111
1100111011101111
0101000110110100
0101000110110100
0000101000100101
0000101000100101
0000111101110001
0000111101110001
1100110111110011
1100110111110011
1011010011000110
1011010011000110
1011101111010110
1011101111010110
0100111001100011
0100111001100011
1101111111001010
1101111111001010
1011110111111000
1011110111111000
0111111100110110
0111111100110110
0110100010100100
0110100010100100
1110101100010011
1110101100010011
0101010101011111
0101010101011111
1110110110101010
1110110110101010
0010101001001111
0010101001001111
0000101011110100
0000101011110100
1101111101100110
1101111101100110
1111010011000001
1111010011000001
1100110100101111
1100110100101111
0001010000100001
0001010000100001
0010111011010100
0010111011010100
0101111011110110
0101111011110110
1011111011111010
1011111011111010
1010000010000001
1010000010000001
1100101010101001
1100101010101001
1001001000001100
1001001000001100
0001100100111110
0001100100111110
1010010100000111
1010010100000111
0100010101101000
0100010101101000
1111001110010100
1111001110010100
0100010011001101
0100010011001101
0110010111101111
0110010111101111
0001100011100100
0001100011100100
0110100010111001
0110100010111001
0101000100111011
0101000100111011
1101110110100101
1101110110100101
0010100110111000
0010100110111000
1001010101010101
1001010101010101
1011111001010001
1011111001010001
1110010110011001
1110010110011001
1010111001011011
1010111001011011
1110011101101011
1110011101101011
0111001001101001
0111001001101001
0000001011101000
0000001011101000
1001001111111101
1001001111111101
1010101011101100
1010101011101100
0011100010011000
0011100010011000
0101001111111001
0101001111111001
0011000000110100
0011000000110100
1010101111011110
1010101111011110
0010101101001110
0010101101001110
1101110011110000
1101110011110000
1000000011010111
1000000011010111
0001101111010000
0001101111010000
0110001011001100
0110001011001100
1011000000100010
1011000000100010
1010011100101101
1010011100101101
1110111011111110
1110111011111110
0101001001010101
0101001001010101
1100010001110110
1100010001110110
0000001000100011
0000001000100011
1110100101101101
1110100101101101
1011010101011111
1011010101011111
1100100111101011
1100100111101011
0010011011010100
0010011011010100
0100110001101111
0100110001101111
0010100011000101
0010100011000101
1100110010011110
1100110010011110
1000100111100111
1000100111100111
1010101111111011
1010101111111011
1011111101000111
1011111101000111
1111101000000100
1111101000000100
1101110101111111
1101110101111111
1101000001111101
1101000001111101
1001101101111000
1001101101111000
1001001100001101
1001001100001101
1100011100011110
1100011100011110
0011010000010111
0011010000010111
1101001001101111
1101001001101111
1001111010000111
1001111010000111
1100001010100001
1100001010100001
1101100110100011
1101100110100011
0110110011010010
0110110011010010
0110100000000110
0110100000000110
0111101100110001
0111101100110001
1100010011110011
1100010011110011
1001110101000001
1001110101000001
1010011000101010
1010011000101010
0100000011110110
0100000011110110
1101011000111100
1101011000111100
1001111101110110
1001111101110110
1010111100101000
1010111100101000
0011000011011100
0011000011011100
1110110111001011
1110110111001011
0000000100100101
0000000100100101
1110110100111110
1110110100111110
0000011000010001
0000011000010001
0011100010010101
0011100010010101
1000110010110101
1000110010110101
1010111111100001
1010111111100001
1110110110101011
1110110110101011
0111101100001001
0111101100001001
0010110110111100
0010110110111100
1110101111000110
1110101111000110
0100100111101001
0100100111101001
1101110000110001
1101110000110001
1110000010000100
1110000010000100
0111100100100101
0111100100100101
0100111100001100
0100111100001100
1111000100000110
1111000100000110
0111100010001011
0111100010001011
1011110110010001
1011110110010001
1011101011101110
1011101011101110
1010100101010000
1010100101010000
1100001001110000
1100001001110000
0000111110110001
0000111110110001
0100111011101101
0100111011101101
0011010000011000
0011010000011000
1011101001100001
1011101001100001
1111011100110000
1111011100110000
1001011010101110
1001011010101110
0101001010010011
0101001010010011
1011001011011010
1011001011011010
0111001100010010
0111001100010010
0100110101110000
0100110101110000
0000001011010000
0000001011010000
0001011010100111
0001011010100111
0001001010000010
0001001010000010
0100010100001011
0100010100001011
0101001010110000
0101001010110000
0111100010110011
0111100010110011
1011011011011000
1011011011011000
1000101101010000
1000101101010000
0101101110100000
0101101110100000
1001000010010110
1001000010010110
0101101000001011
0101101000001011
1011010000011011
1011010000011011
0101011100001000
0101011100001000
1111001110111011
1111001110111011
0001101100000001
0001101100000001
0011010001110011
0011010001110011
0001000101001000
0001000101001000
0000000111100111
0000000111100111
0001101111011011
0001101111011011
0111111001101010
0111111001101010
1001001110111100
1001001110111100
1010000100100000
1010000100100000
0101001000100011
0101001000100011
0111001011101101
0111001011101101
0010011110010011
0010011110010011
1011110101001100
1011110101001100
0111101101010110
0111101101010110
0010011101101101
0010011101101101
1100111010101110
1100111010101110
0011001100000011
0011001100000011
1011110101001101
1011110101001101
0110101011101010
0110101011101010
1000101000011010
1000101000011010
1000001000100110
1000001000100110
0100011101000010
0100011101000010
0110010000100101
0110010000100101
0101011000110110
0101011000110110
0010101001110010
0010101001110010
0111110000001110
0111110000001110
1011110011010100
1011110011010100
1001000111100101
1001000111100101
1110010110000110
1110010110000110
0010001111111100
0010001111111100
0111100001100001
0111100001100001
0110110000000111
0110110000000111
1111010110010010
1111010110010010
0110110000001110
0110110000001110
1001100001001111
1001100001001111
0011011100110110
0011011100110110
0011000011000001
0011000011000001
0000110100110110
0000110100110110
0111111111100001
0111111111100001
1111110011100011
1111110011100011
0110001101100111
0110001101100111
0000100100010100
0000100100010100
1001101110101000
1001101110101000
1010011110101001
1010011110101001
0011011001111101
0011011001111101
0100101111011100
0100101111011100
0101111110111101
0101111110111101
0100010101111101
0100010101111101
1010010110101000
1010010110101000
1101011001011011
1101011001011011
0011011010010101
0011011010010101
1000011111111000
1000011111111000
1011110011101000
1011110011101000
1010010101100001
1010010101100001
1010000100000001
1010000100000001
1111111000010101
1111111000010101
1011010100011100
1011010100011100
1101010001111100
1101010001111100
0010101001001010
0010101001001010
1101101001111010
1101101001111010
1001110011000101
1001110011000101
1101101100010100
1101101100010100
1101111100011110
1101111100011110
1001011001111010
1001011001111010
0110001000011100
0110001000011100
1001100010100000
1001100010100000
1010011101000101
1010011101000101
0011101001101101
0011101001101101
0011110010010010
0011110010010010
0111000110101101
0111000110101101
0111001010000101
0111001010000101
1001011110011111
1001011110011111
0101001000101001
0101001000101001
1101111011101011
1101111011101011
1111001000010111
1111001000010111
1011000100101101
1011000100101101
0001101000101010
0001101000101010
0001000111110110
0001000111110110
1111101011110100
1111101011110100
1000000010011010
1000000010011010
1100101000001100
1100101000001100
1100011000101111
1100011000101111
0010110110101011
0010110110101011
0101000010110010
0101000010110010
0101100100000110
0101100100000110
1110011101110001
1110011101110001
0000011001000010
0000011001000010
0010000001011101
0010000001011101
0010101111010101
0010101111010101
1110111000100001
1110111000100001
1111101100100110
1111101100100110
0010011011000110
0010011011000110
0111100000001010
0111100000001010
0111001001101000
0111001001101000
1100011101101010
1100011101101010
0101010101000111
0101010101000111
0001111110100110
0001111110100110
1101001100010010
1101001100010010
1111111101001001
1111111101001001
1101011000011110
1101011000011110
0101111011011011
0101111011011011
0110101101101100
0110101101101100
1010110001010110
1010110001010110
0111110010010100
0111110010010100
1110100000100011
1110100000100011
0010111100111010
0010111100111010
1101110001100000
1101110001100000
0100011011100001
0100011011100001
1001001010011110
1001001010011110
1100010111110000
1100010111110000
0010000000001101
0010000000001101
1011101001110001
1011101001110001
1001010000101110
1001010000101110
0000011001111110
0000011001111110
1000100110111110
1000100110111110
0101010111001101
0101010111001101
1110001100101111
1110001100101111
1000000111101111
1000000111101111
0011111001001110
0011111001001110
1111010010111101
1111010010111101
1001100010001100
1001100010001100
1111100011110001
1111100011110001
1011010101000110
1011010101000110
1101110000001110
1101110000001110
1111011111111011
1111011111111011
0110110101110001
0110110101110001
1000100101000010
1000100101000010
0010001100111000
0010001100111000
0011010010101001
0011010010101001
1011000111011001
1011000111011001
1111111110010100
1111111110010100
1111010110011110
1111010110011110
1010110110110110
1010110110110110
0001010001001111
0001010001001111
1111011100101001
1111011100101001
0001000100000111
0001000100000111
0010000100010101
0010000100010101
0000101111111111
0000101111111111
1110010111111001
1110010111111001
1100100110001000
1100100110001000
1111100101110111
1111100101110111
1001111010100111
1001111010100111
1000010001010100
1000010001010100
0001011110101000
0001011110101000
1000100011001010
1000100011001010
1001000100000111
1001000100000111
0010000000000001
0010000000000001
0101011000110101
0101011000110101
1011100110000101
1011100110000101
0010100000001011
0010100000001011
0100010111000001
0100010111000001
0001001101011001
0001001101011001
1111110101000010
1111110101000010
1111001000011011
1111001000011011
1010101000000010
1010101000000010
1011100101110111
1011100101110111
0100101101010101
0100101101010101
0010111001000001
0010111001000001
1001010011111100
1001010011111100
0010110100100110
0010110100100110
0011001110000100
0011001110000100
0110000111100000
0110000111100000
0101001011011000
0101001011011000
1001010000001111
1001010000001111
1100011110101011
1100011110101011
1100000111001111
1100000111001111
0100101111110100
0100101111110100
1101111011000110
1101111011000110
0000000000110110
0000000000110110
0011101100011010
0011101100011010
1011101101000001
1011101101000001
1001011101001011
1001011101001011
1000000111000001
1000000111000001
1100011110111111
1100011110111111
1001011010100000
1001011010100000
1101000101110111
1101000101110111
1001100111001000
1001100111001000
0011100101000011
0011100101000011
0010011100100100
0010011100100100
1001010101101011
1001010101101011
1000101101010110
1000101101010110
1111100011101000
1111100011101000
1111110011011100
1111110011011100
0011101101000110
0011101101000110
1000110010111110
1000110010111110
1111101111000101
1111101111000101
1100101011000011
1100101011000011
1000101110011110
1000101110011110
1101100111111010
1101100111111010
0000101010001100
0000101010001100
0001100001011110
0001100001011110
1111101011000000
1111101011000000
1111111001101101
1111111001101101
0110111001100001
0110111001100001
0110110100110011
0110110100110011
0100000010101110
0100000010101110
0011011000011010
0011011000011010
1001011110110111
1001011110110111
1001111011100101
1001111011100101
0001110110011110
0001110110011110
1010010000100101
1010010000100101
1110101111000001
1110101111000001
1110001101101101
1110001101101101
1111110110000100
1111110110000100
1011110111101000
1011110111101000
0111110110110100
0111110110110100
0000001010001100
0000001010001100
1001000011101100
1001000011101100
1110001110100101
1110001110100101
1101000011110011
1101000011110011
0101010011011101
0101010011011101
1000111100101111
1000111100101111
1000101101011010
1000101101011010
1011101100110011
1011101100110011
0110111110100011
0110111110100011
0010010111011000
0010010111011000
0101101000100101
0101101000100101
0100101010111110
0100101010111110
1000000011010101
1000000011010101
1100001110011110
1100001110011110
0101101011000001
0101101011000001
0101001101001111
0101001101001111
0101110010010110
0101110010010110
0100000010010111
0100000010010111
0110000101010011
0110000101010011
0000010000010100
0000010000010100
1000000110010001
1000000110010001
1011011000101101
1011011000101101
0010101101011111
0010101101011111
0101110001000011
0101110001000011
1011110101011010
1011110101011010
1101001001010100
1101001001010100
0111010011100101
0111010011100101
1011010110101000
1011010110101000
0000110111111110
0000110111111110
1000000000100000
1000000000100000
1110101011100010
1110101011100010
0001100000010000
0001100000010000
0101001011100000
0101001011100000
0010010000001001
0010010000001001
1110011100001001
1110011100001001
1100101001001011
1100101001001011
1000001111010011
1000001111010011
1101111110001110
1101111110001110
1110011110111011
1110011110111011
1011011111101001
1011011111101001
1100010101111000
1100010101111000
1011000000010111
1011000000010111
1100101100111110
1100101100111110
1010100001000100
1010100001000100
1011110111110101
1011110111110101
1001111110001011
1001111110001011
0110001100110011
0110001100110011
0001110001000110
0001110001000110
1010010110010101
1010010110010101
0011111000111000
0011111000111000
0110001101000101
0110001101000101
0110010100011000
0110010100011000
1010011010110110
1010011010110110
1001100100100010
1001100100100010
0101011110001011
0101011110001011
1111001111110101
1111001111110101
0011011010101111
0011011010101111
0111001000001110
0111001000001110
0011011010110100
0011011010110100
1110001011010010
1110001011010010
1100000000001101
1100000000001101
1000111001100010
1000111001100010
0001110011100010
0001110011100010
0001111101000001
0001111101000001
0000110001101001
0000110001101001
0100111001100001
0100111001100001
1110101110110011
1110101110110011
0100010011000101
0100010011000101
1100010011100011
1100010011100011
1110011011011010
1110011011011010
1010111000001100
1010111000001100
1010001100010011
1010001100010011
0010101010101110
0010101010101110
0001110110100011
0001110110100011
0010100111011100
0010100111011100
1111110110110010
1111110110110010
1001011010001001
1001011010001001
0011000100110001
0011000100110001
1100110011001001
1100110011001001
0010100111001110
0010100111001110
1011011000001111
1011011000001111
0101101111001001
0101101111001001
1110000010111100
1110000010111100
1110101001000100
1110101001000100
0101010000010100
0101010000010100
0001010111001011
0001010111001011
0110001001000010
0110001001000010
0110010010000110
0110010010000110
0011001010101111
0011001010101111
0100010000001100
0100010000001100
0111000011111010
0111000011111010
0001011111000010
0001011111000010
0001010011010110
0001010011010110
0110001111010011
0110001111010011
1001101111101101
1001101111101101
1111011001101011
1111011001101011
1001001011011010
1001001011011010
0111010010110111
0111010010110111
0111101011011111
0111101011011111
0101110111100001
0101110111100001
0000011100101110
0000011100101110
0011100111000001
0011100111000001
1101001011011001
1101001011011001
1001001100000100
1001001100000100
1011101001000110
1011101001000110
0001001101100100
0001001101100100
0011000001110111
0011000001110111
1100100100000111
1100100100000111
0111111101010111
0111111101010111
0001111011101101
0001111011101101
0000000001011110
0000000001011110
1111111111100011
1111111111100011
0110100001111000
0110100001111000
1110111011100110
1110111011100110
1011100010010111
1011100010010111
1010011001001010
1010011001001010
0101000000100000
0101000000100000
1011001101100111
1011001101100111
1111101011001011
1111101011001011
1100010011111000
1100010011111000
0010011010001001
0010011010001001
1010101110111110
1010101110111110
1110011001111110
1110011001111110
1001001111001110
1001001111001110
0001111000100011
0001111000100011
0101011110100001
0101011110100001
1110110010101110
1110110010101110
1110000111100011
1110000111100011
0001000001010101
0001000001010101
1110111011010101
1110111011010101
0011100101000101
0011100101000101
0001010110011000
0001010110011000
0010010111000011
0010010111000011
0010110110110000
0010110110110000
1110100010100110
1110100010100110
1111001111010100
1111001111010100
1110000000000101
1110000000000101
1100110101001111
1100110101001111
1001011001100000
1001011001100000
0100111010111001
0100111010111001
0101111000001110
0101111000001110
0101010101111011
0101010101111011
0011010000011001
0011010000011001
1100011101101001
1100011101101001
0101101110001101
0101101110001101
1110100011011011
1110100011011011
0011111111100110
0011111111100110
0101100100110110
0101100100110110
0110011110000111
0110011110000111
1010011100110111
1010011100110111
0011000100100110
0011000100100110
1011100010001101
1011100010001101
1001010101000001
1001010101000001
1011001011110010
1011001011110010
0101100100001001
0101100100001001
0000110001001000
0000110001001000
1110101001111100
1110101001111100
0000000110010100
0000000110010100
0111000110001110
0111000110001110
1001110110011001
1001110110011001
0101000100100101
0101000100100101
1011010011001010
1011010011001010
1001011010000101
1001011010000101
0010011110111011
0010011110111011
1011110010101001
1011110010101001
1001010101000100
1001010101000100
1011100100110110
1011100100110110
0000111110101111
0000111110101111
0100101001111011
0100101001111011
0110000100010011
0110000100010011
0010010001101101
0010010001101101
0000100000001011
0000100000001011
1111011101000111
1111011101000111
1010010000011010
1010010000011010
1011000011001011
1011000011001011
0100100111111110
0100100111111110
1101110011000110
1101110011000110
1100001000100110
1100001000100110
1101101011000000
1101101011000000
0000111011011110
0000111011011110
0001011011101101
0001011011101101
0110011111111100
0110011111111100
0101011011011110
0101011011011110
1100111011100011
1100111011100011
1011000010011110
1011000010011110
0011011000101011
0011011000101011
0010111001000010
0010111001000010
1111001100011010
1111001100011010
1100111110001000
1100111110001000
1011010000101010
1011010000101010
0011010010111000
0011010010111000
1111100001011001
1111100001011001
0000110001111101
0000110001111101
1001101100001000
1001101100001000
1111111011000100
1111111011000100
1001011111000010
1001011111000010
0111110001001110
0111110001001110
0001100111100100
0001100111100100
0001101110100101
0001101110100101
0110000101000100
0110000101000100
0101100100110110
0101100100110110
1101010001100111
1101010001100111
1110001010110110
1110001010110110
0100011110100001
0100011110100001
0100011000001010
0100011000001010
1000100111000110
1000100111000110
0110101010100101
0110101010100101
1000110001111010
1000110001111010
0001110001110000
0001110001110000
1100000000001001
1100000000001001
0110001101001011
0110001101001011
0011111110110110
0011111110110110
1011011110100111
1011011110100111
1001011100111111
1001011100111111
0010110001011100
0010110001011100
0010100010000101
0010100010000101
1010001111011010
1010001111011010
0001000100011001
0001000100011001
1011000100001111
1011000100001111
0001111011110110
0001111011110110
0100000100010101
0100000100010101
0000000101111011
0000000101111011
0000011110000110
0000011110000110
1101001101000011
1101001101000011
0010101101001100
0010101101001100
0010100000010100
0010100000010100
0000000001110001
0000000001110001
1100010001011001
1100010001011001
1011010111111011
1011010111111011
1110010110000110
1110010110000110
1011010011111010
1011010011111010
0000010001110001
0000010001110001
0001100101101000
0001100101101000
0100111011111100
0100111011111100
1111100001110110
1111100001110110
0111100110110100
0111100110110100
1110111111000101
1110111111000101
1000010110111000
1000010110111000
0001111111110010
0001111111110010
0000011100001010
0000011100001010
1101001011110001
1101001011110001
1011010110011001
1011010110011001
1000010011100110
1000010011100110
1010010100001110
1010010100001110
1000100010100010
1000100010100010
0011100110001111
0011100110001111
1001001011010101
1001001011010101
1110100011100111
1110100011100111
0011110101100000
0011110101100000
0010010101001101
0010010101001101
0101110110100111
0101110110100111
0011010000000000
0011010000000000
0100110010100000
0100110010100000
1100000010011000
1100000010011000
0010001111010100
0010001111010100
1101100010011000
1101100010011000
0100111101011001
0100111101011001
1000011001101011
1000011001101011
1010000100011000
1010000100011000
1000110111011111
1000110111011111
1011000000100010
1011000000100010
0010100010010000
0010100010010000
0000100010001100
0000100010001100
0110000111011110
0110000111011110
1111011110011001
1111011110011001
1010010110000000
1010010110000000
1100101100110000
1100101100110000
0101100111101101
0101100111101101
0110000010000100
0110000010000100
0110010100001010
0110010100001010
0000001011011111
0000001011011111
0011001110111100
0011001110111100
0110101100111001
0110101100111001
1100000001110100
1100000001110100
0111011011110001
0111011011110001
1110101101110001
1110101101110001
1010011000000111
1010011000000111
0101100100110111
0101100100110111
1000110101110111
1000110101110111
0010011101011101
0010011101011101
0110010001000010
0110010001000010
0111001100110100
0111001100110100
0100010000010100
0100010000010100
0001101011010101
0001101011010101
1001100000000010
1001100000000010
0011100011001110
0011100011001110
1100101001101111
1100101001101111
1101001110101101
1101001110101101
0011000100100101
0011000100100101
0111000101010001
0111000101010001
1111101100100010
1111101100100010
1011100110111111
1011100110111111
0001111001101110
0001111001101110
0010101110010101
0010101110010101
0001010100000011
0001010100000011
1111111100101000
1111111100101000
0110100001000010
0110100001000010
0111000100000101
0111000100000101
1001000000010000
1001000000010000
0111001110111100
0111001110111100
0010100001000110
0010100001000110
0000001000110001
0000001000110001
0110111100111101
0110111100111101
1011100001000110
1011100001000110
1111011100111101
1111011100111101
0011110111100110
0011110111100110
0000000110100000
0000000110100000
1011011111100110
1011011111100110
1101001000000110
1101001000000110
0110000100000100
0110000100000100
0110000110110100
0110000110110100
0101101001001011
0101101001001011
0011001011010011
0011001011010011
0011101001100101
0011101001100101
1110011111110111
1110011111110111
1100101010110111
1100101010110111
0000001101011010
0000001101011010
0110101111010100
0110101111010100
0010000000110000
0010000000110000
1010110010111111
1010110010111111
1110000101111100
1110000101111100
1110001010101001
1110001010101001
1000110111010010
1000110111010010
1100110011101111
1100110011101111
1011001010001011
1011001010001011
0110111010000001
0110111010000001
1110110011100111
1110110011100111
0101101110000111
0101101110000111
1100110000010110
1100110000010110
1000010100110000
1000010100110000
0100100110111100
0100100110111100
1010000010110101
1010000010110101
1001010101111000
1001010101111000
1000101010100010
1000101010100010
0010101111001110
0010101111001110
0100011010110110
0100011010110110
0101101110110000
0101101110110000
0110011100100011
0110011100100011
0110100110001101
0110100110001101
0111101010000000
0111101010000000
1100110101101000
1100110101101000
1010011101010001
1010011101010001
1110110110011101
1110110110011101
0000110011100001
0000110011100001
1011011000000001
1011011000000001
1010001010110100
1010001010110100
1001011011000011
1001011011000011
0010110000011000
0010110000011000
0110000110000100
0110000110000100
1110011001001100
1110011001001100
0111110000101110
0111110000101110
0100001000001000
0100001000001000
0100001011100100
0100001011100100
1101101110100011
1101101110100011
0111101110111000
0111101110111000
0011100011100001
0011100011100001
0101100010000101
0101100010000101
1100000011010011
1100000011010011
0101000111111100
0101000111111100
1001110110100100
1001110110100100
0000011111000000
0000011111000000
1011101101100100
1011101101100100
0111001100101011
0111001100101011
0100100011111010
0100100011111010
1101010101010100
1101010101010100
1011000100011111
1011000100011111
1100010101100000
1100010101100000
1100011110010111
1100011110010111
1101011100001101
1101011100001101
1110000111011000
1110000111011000
0010100010110001
0010100010110001
0000100001011101
0000100001011101
0011010110101010
0011010110101010
1110000111000110
1110000111000110
0000101100111110
0000101100111110
0101101010010001
0101101010010001
0000001001001111
0000001001001111
0010101110100001
0010101110100001
0111100100010110
0111100100010110
0101000101001000
0101000101001000
1100001100100000
1100001100100000
1100110101101000
1100110101101000
0010101001011011
0010101001011011
0110000010110000
0110000010110000
0001011101011101
0001011101011101
1110100010000101
1110100010000101
1010000111100010
1010000111100010
0010110110011011
0010110110011011
1100010111111111
1100010111111111
1010110011101001
1010110011101001
0000010010001011
0000010010001011
0010111110101000
0010111110101000
0110100011100011
0110100011100011
0011011110011011
0011011110011011
1010101000001011
1010101000001011
0000100000011010
0000100000011010
1001001100111001
1001001100111001
0010101111011010
0010101111011010
1001000000110010
1001000000110010
0000110011101101
0000110011101101
1101100111010100
1101100111010100
0110011010001011
0110011010001011
0100011000110101
0100011000110101
1011110010010001
1011110010010001
0010010000000010
0010010000000010
1110110111100101
1110110111100101
0010110100110101
0010110100110101
0110000110011100
0110000110011100
1101100000010110
1101100000010110
0010001010110011
0010001010110011
0110011000100111
0110011000100111
0000100010100101
0000100010100101
0111100001011010
0111100001011010
0101100100100110
0101100100100110
0100101110010110
0100101110010110
1001100110010010
1001100110010010
0010101100100000
0010101100100000
0101111001100001
0101111001100001
0001101011011001
0001101011011001
1011101110000110
1011101110000110
0110010100011111
0110010100011111
1110111111011011
1110111111011011
1111111111011010
1111111111011010
1011000011000100
1011000011000100
1011011111000010
1011011111000010
1111001000000000
1111001000000000
1101000001100101
1101000001100101
0100000001100110
0100000001100110
1100111001101001
1100111001101001
1110011011100100
1110011011100100
1111001010110110
1111001010110110
0001110100010010
0001110100010010
0010110111000001
0010110111000001
0000110001001100
0000110001001100
0000011001010001
0000011001010001
1010000011000001
1010000011000001
0000111100101001
0000111100101001
0110101101100101
0110101101100101
0011100001011111
0011100001011111
0111101011001001
0111101011001001
0100110010100100
0100110010100100
1101000010001010
1101000010001010
1001011010110011
1001011010110011
1000111011110000
1000111011110000
0111101000010011
0111101000010011
1000110001001100
1000110001001100
1011100100011110
1011100100011110
0100100110100011
0100100110100011
0001100111010100
0001100111010100
0000011110011000
0000011110011000
1011110000000100
1011110000000100
1110011100100010
1110011100100010
1110010001101101
1110010001101101
0010001111000001
0010001111000001
1010000010011110
1010000010011110
1010110001111010
1010110001111010
1010100110101001
1010100110101001
1111011011001011
1111011011001011
0100010101011001
0100010101011001
1001001000001101
1001001000001101
0101010011111000
0101010011111000
0010110100001001
0010110100001001
1110001110011001
1110001110011001
1001011010100100
1001011010100100
0001001001010111
0001001001010111
1110101110001001
1110101110001001
0011000110010111
0011000110010111
1101111010000011
1101111010000011
0101110011000101
0101110011000101
0111111101110001
0111111101110001
1111100100111111
1111100100111111
1010111011100100
1010111011100100
1111000110100110
1111000110100110
1110011010110010
1110011010110010
0010011110111010
0010011110111010
0010010000101100
0010010000101100
0100010000111000
0100010000111000
0001101101101101
0001101101101101
1100110000111011
1100110000111011
0100000000100101
0100000000100101
0100110001111000
0100110001111000
0000010101101100
0000010101101100
1010110000001101
1010110000001101
1001000011101100
1001000011101100
1000110001010100
1000110001010100
1010001110011110
1010001110011110
1000011111101001
1000011111101001
0110100110001111
0110100110001111
1010110101100110
1010110101100110
1101110000100100
1101110000100100
1101110100110011
1101110100110011
0100111110110000
0100111110110000
1110001110111111
1110001110111111
1110101100001100
1110101100001100
1011111100111101
1011111100111101
1111001000110100
1111001000110100
1111001111010001
1111001111010001
1111111011001110
1111111011001110
0011000110010111
0011000110010111
1001000111101110
1001000111101110
0011101101001100
0011101101001100
0011100110110101
0011100110110101
1111101110001001
1111101110001001
0111010111010010
0111010111010010
0001011000001000
0001011000001000
0000111000010001
0000111000010001
1000000100011101
1000000100011101
0110111111000011
0110111111000011
1110110101111000
1110110101111000
0101111010010010
0101111010010010
1111100000001110
1111100000001110
0011100000110100
0011100000110100
1100001110101010
1100001110101010
0010001110000101
0010001110000101
0010101011001001
0010101011001001
0110000010010100
0110000010010100
1011001111100011
1011001111100011
1101101011111110
1101101011111110
0100010100100000
0100010100100000
1010100011001011
1010100011001011
0000011011001001
0000011011001001
1111110001000010
1111110001000010
0110000001101000
0110000001101000
1111101101111011
1111101101111011
0100001101010111
0100001101010111
1011010010000101
1011010010000101
1011001000010101
1011001000010101
1001010011110110
1001010011110110
1000110111100000
1000110111100000
1011110011011111
1011110011011111
0000011100001101
0000011100001101
0000111011010000
0000111011010000
1011101110001100
1011101110001100
0000111000000110
0000111000000110
1110011110000110
1110011110000110
1111101101110100
1111101101110100
1000101101100000
1000101101100000
0111110001011010
0111110001011010
0111111001100010
0111111001100010
1100011101111110
1100011101111110
1010101110011001
1010101110011001
1001011000001110
1001011000001110
1000000001011110
1000000001011110
1010011010001011
1010011010001011
0011000100000000
0011000100000000
1001111111100001
1001111111100001
0010110001010000
0010110001010000
0000100111101000
0000100111101000
0100110110100100
0100110110100100
1000000010001100
1000000010001100
0110101011010010
0110101011010010
0001110110110100
0001110110110100
1101001011110101
1101001011110101
1000011101011101
1000011101011101
0111110110010101
0111110110010101
1011001100000011
1011001100000011
0011010000100000
0011010000100000
1010100001000111
1010100001000111
1011100111110000
1011100111110000
0001000001101101
0001000001101101
1000011001001011
1000011001001011
0000111001100011
0000111001100011
1101101100100000
1101101100100000
1010101110110000
1010101110110000
0100011111110010
0100011111110010
1111001100101001
1111001100101001
0010000101101010
0010000101101010
1011101100101011
1011101100101011
0101010000101110
0101010000101110
1000110110011000
1000110110011000
1111010000100110
1111010000100110
0000001100011001
0000001100011001
0110000111110010
0110000111110010
1111110101010011
1111110101010011
1111010010100000
1111010010100000
0001110011100010
0001110011100010
1110101011101111
1110101011101111
0010001000101011
0010001000101011
0000000000010010
0000000000010010
1110011011011100
1110011011011100
0001001000001110
0001001000001110
0001010111111011
0001010111111011
0110100101111100
0110100101111100
0101100001100110
0101100001100110
0000010110100111
0000010110100111
0011100100110100
0011100100110100
1101110100011000
1101110100011000
0100111101101000
0100111101101000
1110000001000010
1110000001000010
1110001111000110
1110001111000110
1011100001011101
1011100001011101
1001001011010100
1001001011010100
1010110100001101
1010110100001101
1111010110110001
1111010110110001
1110011011110000
1110011011110000
1010110111110100
1010110111110100
1010110100110010
1010110100110010
0100100111101000
0100100111101000
0000010100111000
0000010100111000
1111011110010011
1111011110010011
0110010110000110
0110010110000110
0010111001111111
0010111001111111
1101010100101000
1101010100101000
1010100101010010
1010100101010010
1101111101010000
1101111101010000
1110001000000010
1110001000000010
1100111010000011
1100111010000011
0111010110011010
0111010110011010
1111100100010110
1111100100010110
1111010110001100
1111010110001100
0110111100011000
0110111100011000
0011000000100001
0011000000100001
0011000110001100
0011000110001100
0010110100101100
0010110100101100
0101101000010000
0101101000010000
0100111011010100
0100111011010100
1110111010011010
1110111010011010
1011111111100111
1011111111100111
1100101100011010
1100101100011010
1001011011000010
1001011011000010
1000110110000100
1000110110000100
0000001100000001
0000001100000001
1011111110101110
1011111110101110
1110001001110010
1110001001110010
0101001101100101
0101001101100101
1101111110010010
1101111110010010
1100001001001001
1100001001001001
0111001010101000
0111001010101000
0010100011000100
0010100011000100
1011011111011110
1011011111011110
0010010100100001
0010010100100001
1001001101010010
1001001101010010
0110110111110011
0110110111110011
1010000010011011
1010000010011011
1001001011010101
1001001011010101
1000110101001011
1000110101001011
0100010010110001
0100010010110001
0011111000010101
0011111000010101
0111110101010101
0111110101010101
1101100110100011
1101100110100011
1101100110100000
1101100110100000
0001101011111110
0001101011111110
1010111111100001
1010111111100001
1100101100001110
1100101100001110
0110011010000110
0110011010000110
0100010111100000
0100010111100000
0100101001001001
0100101001001001
0111010001111011
0111010001111011
1011110011100000
1011110011100000
1101110111010000
1101110111010000
1101110101100111
1101110101100111
0100101010011110
0100101010011110
0011011110001001
0011011110001001
1010000010010010
1010000010010010
1100101000110111
1100101000110111
1110111000011011
1110111000011011
1110010101011101
1110010101011101
0101100101111001
0101100101111001
0010100111001010
0010100111001010
1111011000101010
1111011000101010
1011110111110100
1011110111110100
0111101111010001
0111101111010001
0101100101100110
0101100101100110
0010011111000101
0010011111000101
1001110101101000
1001110101101000
1001011010010100
1001011010010100
1111001100011010
1111001100011010
0000010011011000
0000010011011000
0100101001100110
0100101001100110
0101011100011101
0101011100011101
0100111110011001
0100111110011001
1001001001010100
1001001001010100
1011101001011000
1011101001011000
0010011001101111
0010011001101111
0011011110011110
0011011110011110
0101000000101010
0101000000101010
1110010000000010
1110010000000010
0111111101100100
0111111101100100
0010111010101000
0010111010101000
0010000100011101
0010000100011101
1011011000111000
1011011000111000
1001101100101111
1001101100101111
0001000011110110
0001000011110110
1100110011100111
1100110011100111
1110010101010001
1110010101010001
0100000100011100
0100000100011100
1100000100010100
1100000100010100
0011011010000001
0011011010000001
0011111111111011
0011111111111011
0000110101010100
0000110101010100
0000100010010001
0000100010010001
1101010011110101
1101010011110101
0001111111000001
0001111111000001
0101111001010011
0101111001010011
0000011101011100
0000011101011100
0011001110011111
0011001110011111
0000000000010110
0000000000010110
1110110010000100
1110110010000100
1101011100101001
1101011100101001
0000110000011110
0000110000011110
1011000011100010
1011000011100010
1101101101101010
1101101101101010
1111011001010101
1111011001010101
0110001100110101
0110001100110101
1100101110100100
1100101110100100
0001111100101100
0001111100101100
0100010010111110
0100010010111110
0111100100001010
0111100100001010
1101000010100100
1101000010100100
0001110010001000
0001110010001000
0000110101110110
0000110101110110
1001101110111111
1001101110111111
1101100110001000
1101100110001000
1011100001100101
1011100001100101
0101001110010000
0101001110010000
1000010010111110
1000010010111110
1011110100110000
1011110100110000
1111101111011000
1111101111011000
1111101000011110
1111101000011110
1001001110110110
1001001110110110
0111111100110100
0111111100110100
1100011110001011
1100011110001011
0100101100111010
0100101100111010
0100101101111101
0100101101111101
0010101011100001
0010101011100001
0001110010000100
0001110010000100
0101000011111000
0101000011111000
0010000010110101
0010000010110101
1110000110011111
1110000110011111
1110010101111011
1110010101111011
0011110101011110
0011110101011110
0100010011000100
0100010011000100
0110001111000010
0110001111000010
0100001100100100
0100001100100100
1100010111111111
1100010111111111
0101100111011010
0101100111011010
1101010010111010
1101010010111010
1000001011110010
1000001011110010
0010011100001111
0010011100001111
1101000011101011
1101000011101011
1101010011001000
1101010011001000
1100100000010111
1100100000010111
1101110100001001
1101110100001001
1001000101011111
1001000101011111
1010011010011011
1010011010011011
0110101100011011
0110101100011011
1010011110011100
1010011110011100
1111101011111001
1111101011111001
0010001001001110
0010001001001110
1101001010010010
1101001010010010
1000110001010001
1000110001010001
1010101100010101
1010101100010101
0110010111001101
0110010111001101
0100000111101111
0100000111101111
1011011110111011
1011011110111011
1010100000110011
1010100000110011
0001001100001101
0001001100001101
0000110111000011
0000110111000011
1000110001101100
1000110001101100
0011010111100010
0011010111100010
1101000101010000
1101000101010000
0001011011110111
0001011011110111
1000010000101000
1000010000101000
1001100100000000
1001100100000000
0010010100001001
0010010100001001
1101101001010011
1101101001010011
1110000001000111
1110000001000111
1011000101011010
1011000101011010
1110110101111010
1110110101111010
0010111000101110
0010111000101110
1111010100000010
1111010100000010
1010111011101011
1010111011101011
1101001000111100
1101001000111100
1000100010110110
1000100010110110
0011011010001000
0011011010001000
0011111101011000
0011111101011000
1011110110101011
1011110110101011
1011001100011001
1011001100011001
1010011010100110
1010011010100110
0010100010010000
0010100010010000
1110100001010101
1110100001010101
1001001100001010
1001001100001010
0001010001111100
0001010001111100
1100100101100001
1100100101100001
1010101010011110
1010101010011110
1111000000100101
1111000000100101
1101111001111010
1101111001111010
0010000011000110
0010000011000110
1001000101011110
1001000101011110
1010110100111001
1010110100111001
0110010011100011
0110010011100011